i	j	b_idx	d[nm]	k[kJ/mol/nm^2]
35	36	0	0.3800	8033.0000
36	37	1	0.3800	8033.0000
37	38	2	0.3800	8033.0000
38	39	3	0.3800	8033.0000
39	40	4	0.3800	8033.0000
40	41	5	0.3800	8033.0000
41	42	6	0.3800	8033.0000
42	43	7	0.3800	8033.0000
43	44	8	0.3800	8033.0000
44	45	9	0.3800	8033.0000
45	46	10	0.3800	8033.0000
46	47	11	0.3800	8033.0000
47	48	12	0.3800	8033.0000
48	49	13	0.3800	8033.0000
49	50	14	0.3800	8033.0000
50	51	15	0.3800	8033.0000
51	52	16	0.3800	8033.0000
52	53	17	0.3800	8033.0000
53	54	18	0.3800	8033.0000
54	55	19	0.3800	8033.0000
55	56	20	0.3800	8033.0000
56	57	21	0.3800	8033.0000
57	58	22	0.3800	8033.0000
58	59	23	0.3800	8033.0000
59	60	24	0.3800	8033.0000
60	61	25	0.3800	8033.0000
61	62	26	0.3800	8033.0000
62	63	27	0.3800	8033.0000
63	64	28	0.3800	8033.0000
64	65	29	0.3800	8033.0000
65	66	30	0.3800	8033.0000
66	67	31	0.3800	8033.0000
67	68	32	0.3800	8033.0000
68	69	33	0.3800	8033.0000
69	70	34	0.3800	8033.0000
70	71	35	0.3800	8033.0000
71	72	36	0.3800	8033.0000
72	73	37	0.3800	8033.0000
73	74	38	0.3800	8033.0000
74	75	39	0.3800	8033.0000
75	76	40	0.3800	8033.0000
76	77	41	0.3800	8033.0000
77	78	42	0.3800	8033.0000
78	79	43	0.3800	8033.0000
79	80	44	0.3800	8033.0000
80	81	45	0.3800	8033.0000
81	82	46	0.3800	8033.0000
82	83	47	0.3800	8033.0000
83	84	48	0.3800	8033.0000
84	85	49	0.3800	8033.0000
85	86	50	0.3800	8033.0000
86	87	51	0.3800	8033.0000
87	88	52	0.3800	8033.0000
88	89	53	0.3800	8033.0000
89	90	54	0.3800	8033.0000
90	91	55	0.3800	8033.0000
91	92	56	0.3800	8033.0000
92	93	57	0.3800	8033.0000
93	94	58	0.3800	8033.0000
94	95	59	0.3800	8033.0000
95	96	60	0.3800	8033.0000
96	97	61	0.3800	8033.0000
97	98	62	0.3800	8033.0000
98	99	63	0.3800	8033.0000
99	100	64	0.3800	8033.0000
100	101	65	0.3800	8033.0000
101	102	66	0.3800	8033.0000
102	103	67	0.3800	8033.0000
103	104	68	0.3800	8033.0000
104	105	69	0.3800	8033.0000
105	106	70	0.3800	8033.0000
106	107	71	0.3800	8033.0000
107	108	72	0.3800	8033.0000
108	109	73	0.3800	8033.0000
109	110	74	0.3800	8033.0000
110	111	75	0.3800	8033.0000
111	112	76	0.3800	8033.0000
112	113	77	0.3800	8033.0000
113	114	78	0.3800	8033.0000
114	115	79	0.3800	8033.0000
115	116	80	0.3800	8033.0000
116	117	81	0.3800	8033.0000
117	118	82	0.3800	8033.0000
118	119	83	0.3800	8033.0000
119	120	84	0.3800	8033.0000
120	121	85	0.3800	8033.0000
121	122	86	0.3800	8033.0000
122	123	87	0.3800	8033.0000
123	124	88	0.3800	8033.0000
124	125	89	0.3800	8033.0000
125	126	90	0.3800	8033.0000
126	127	91	0.3800	8033.0000
127	128	92	0.3800	8033.0000
128	129	93	0.3800	8033.0000
129	130	94	0.3800	8033.0000
130	131	95	0.3800	8033.0000
131	132	96	0.3800	8033.0000
132	133	97	0.3800	8033.0000
133	134	98	0.3800	8033.0000
134	135	99	0.3800	8033.0000
135	136	100	0.3800	8033.0000
136	137	101	0.3800	8033.0000
137	138	102	0.3800	8033.0000
138	139	103	0.3800	8033.0000
139	140	104	0.3800	8033.0000
140	141	105	0.3800	8033.0000
141	142	106	0.3800	8033.0000
142	143	107	0.3800	8033.0000
143	144	108	0.3800	8033.0000
144	145	109	0.3800	8033.0000
145	146	110	0.3800	8033.0000
146	147	111	0.3800	8033.0000
147	148	112	0.3800	8033.0000
148	149	113	0.3800	8033.0000
149	150	114	0.3800	8033.0000
150	151	115	0.3800	8033.0000
151	152	116	0.3800	8033.0000
152	153	117	0.3800	8033.0000
153	154	118	0.3800	8033.0000
154	155	119	0.3800	8033.0000
155	156	120	0.3800	8033.0000
156	157	121	0.3800	8033.0000
157	158	122	0.3800	8033.0000
158	159	123	0.3800	8033.0000
159	160	124	0.3800	8033.0000
160	161	125	0.3800	8033.0000
161	162	126	0.3800	8033.0000
162	163	127	0.3800	8033.0000
163	164	128	0.3800	8033.0000
164	165	129	0.3800	8033.0000
165	166	130	0.3800	8033.0000
166	167	131	0.3800	8033.0000
167	168	132	0.3800	8033.0000
168	169	133	0.3800	8033.0000
169	170	134	0.3800	8033.0000
170	171	135	0.3800	8033.0000
171	172	136	0.3800	8033.0000
172	173	137	0.3800	8033.0000
173	174	138	0.3800	8033.0000
