i	j	b_idx	d[nm]	k[kJ/mol/nm^2]
1	2	0	0.3800	8033.0000
2	3	1	0.3800	8033.0000
3	4	2	0.3800	8033.0000
4	5	3	0.3800	8033.0000
5	6	4	0.3800	8033.0000
6	7	5	0.3800	8033.0000
7	8	6	0.3800	8033.0000
8	9	7	0.3800	8033.0000
9	10	8	0.3800	8033.0000
10	11	9	0.3800	8033.0000
11	12	10	0.3800	8033.0000
12	13	11	0.3800	8033.0000
13	14	12	0.3800	8033.0000
14	15	13	0.3800	8033.0000
15	16	14	0.3800	8033.0000
16	17	15	0.3800	8033.0000
17	18	16	0.3800	8033.0000
18	19	17	0.3800	8033.0000
19	20	18	0.3800	8033.0000
20	21	19	0.3800	8033.0000
21	22	20	0.3800	8033.0000
22	23	21	0.3800	8033.0000
23	24	22	0.3800	8033.0000
24	25	23	0.3800	8033.0000
25	26	24	0.3800	8033.0000
26	27	25	0.3800	8033.0000
27	28	26	0.3800	8033.0000
28	29	27	0.3800	8033.0000
29	30	28	0.3800	8033.0000
30	31	29	0.3800	8033.0000
31	32	30	0.3800	8033.0000
32	33	31	0.3800	8033.0000
33	34	32	0.3800	8033.0000
