i	j	b_idx	d[nm]	k[kJ/mol/nm^2]
1	2	0	0.3800	8033.0000
2	3	1	0.3800	8033.0000
3	4	2	0.3800	8033.0000
4	5	3	0.3800	8033.0000
5	6	4	0.3800	8033.0000
6	7	5	0.3800	8033.0000
7	8	6	0.3800	8033.0000
8	9	7	0.3800	8033.0000
9	10	8	0.3800	8033.0000
10	11	9	0.3800	8033.0000
11	12	10	0.3800	8033.0000
12	13	11	0.3800	8033.0000
13	14	12	0.3800	8033.0000
14	15	13	0.3800	8033.0000
15	16	14	0.3800	8033.0000
16	17	15	0.3800	8033.0000
17	18	16	0.3800	8033.0000
18	19	17	0.3800	8033.0000
19	20	18	0.3800	8033.0000
20	21	19	0.3800	8033.0000
21	22	20	0.3800	8033.0000
22	23	21	0.3800	8033.0000
23	24	22	0.3800	8033.0000
24	25	23	0.3800	8033.0000
25	26	24	0.3800	8033.0000
26	27	25	0.3800	8033.0000
27	28	26	0.3800	8033.0000
28	29	27	0.3800	8033.0000
29	30	28	0.3800	8033.0000
30	31	29	0.3800	8033.0000
31	32	30	0.3800	8033.0000
32	33	31	0.3800	8033.0000
33	34	32	0.3800	8033.0000
34	35	33	0.3800	8033.0000
35	36	34	0.3800	8033.0000
36	37	35	0.3800	8033.0000
37	38	36	0.3800	8033.0000
38	39	37	0.3800	8033.0000
39	40	38	0.3800	8033.0000
40	41	39	0.3800	8033.0000
41	42	40	0.3800	8033.0000
42	43	41	0.3800	8033.0000
43	44	42	0.3800	8033.0000
44	45	43	0.3800	8033.0000
45	46	44	0.3800	8033.0000
46	47	45	0.3800	8033.0000
47	48	46	0.3800	8033.0000
48	49	47	0.3800	8033.0000
49	50	48	0.3800	8033.0000
50	51	49	0.3800	8033.0000
51	52	50	0.3800	8033.0000
52	53	51	0.3800	8033.0000
53	54	52	0.3800	8033.0000
54	55	53	0.3800	8033.0000
55	56	54	0.3800	8033.0000
56	57	55	0.3800	8033.0000
57	58	56	0.3800	8033.0000
58	59	57	0.3800	8033.0000
59	60	58	0.3800	8033.0000
60	61	59	0.3800	8033.0000
61	62	60	0.3800	8033.0000
62	63	61	0.3800	8033.0000
63	64	62	0.3800	8033.0000
64	65	63	0.3800	8033.0000
65	66	64	0.3800	8033.0000
66	67	65	0.3800	8033.0000
67	68	66	0.3800	8033.0000
68	69	67	0.3800	8033.0000
69	70	68	0.3800	8033.0000
70	71	69	0.3800	8033.0000
71	72	70	0.3800	8033.0000
72	73	71	0.3800	8033.0000
73	74	72	0.3800	8033.0000
74	75	73	0.3800	8033.0000
75	76	74	0.3800	8033.0000
76	77	75	0.3800	8033.0000
77	78	76	0.3800	8033.0000
78	79	77	0.3800	8033.0000
79	80	78	0.3800	8033.0000
80	81	79	0.3800	8033.0000
81	82	80	0.3800	8033.0000
82	83	81	0.3800	8033.0000
83	84	82	0.3800	8033.0000
84	85	83	0.3800	8033.0000
85	86	84	0.3800	8033.0000
86	87	85	0.3800	8033.0000
87	88	86	0.3800	8033.0000
88	89	87	0.3800	8033.0000
89	90	88	0.3800	8033.0000
90	91	89	0.3800	8033.0000
91	92	90	0.3800	8033.0000
92	93	91	0.3800	8033.0000
93	94	92	0.3800	8033.0000
94	95	93	0.3800	8033.0000
95	96	94	0.3800	8033.0000
96	97	95	0.3800	8033.0000
97	98	96	0.3800	8033.0000
98	99	97	0.3800	8033.0000
99	100	98	0.3800	8033.0000
100	101	99	0.3800	8033.0000
101	102	100	0.3800	8033.0000
102	103	101	0.3800	8033.0000
103	104	102	0.3800	8033.0000
104	105	103	0.3800	8033.0000
105	106	104	0.3800	8033.0000
106	107	105	0.3800	8033.0000
107	108	106	0.3800	8033.0000
108	109	107	0.3800	8033.0000
109	110	108	0.3800	8033.0000
110	111	109	0.3800	8033.0000
111	112	110	0.3800	8033.0000
112	113	111	0.3800	8033.0000
113	114	112	0.3800	8033.0000
114	115	113	0.3800	8033.0000
115	116	114	0.3800	8033.0000
116	117	115	0.3800	8033.0000
117	118	116	0.3800	8033.0000
118	119	117	0.3800	8033.0000
119	120	118	0.3800	8033.0000
120	121	119	0.3800	8033.0000
121	122	120	0.3800	8033.0000
122	123	121	0.3800	8033.0000
123	124	122	0.3800	8033.0000
124	125	123	0.3800	8033.0000
125	126	124	0.3800	8033.0000
126	127	125	0.3800	8033.0000
127	128	126	0.3800	8033.0000
128	129	127	0.3800	8033.0000
129	130	128	0.3800	8033.0000
130	131	129	0.3800	8033.0000
